100
2 3 2
1 1 1
2 1 2
3 2 3
12 16 12
100 3 100
14 4 14
3 15 3
3 32 3
72 9 72
4 9 4
12 9 12
24 11 24
10 5 10
48 10 48
100 4 100
40 3 40
4 4 4
56 10 56
32 5 32
1 51 1
35 9 35
3 37 3
72 1 72
24 6 24
10 18 10
87 7 87
85 7 85
3 3 3
18 3 18
100 2 100
1 4 1
3 10 3
91 8 91
11 10 11
50 1 50
3 4 3
27 1 27
45 3 45
14 7 14
68 5 68
2 59 2
31 2 31
14 11 14
24 2 24
2 4 2
2 22 2
90 5 90
23 13 23
2 2 2
5 22 5
39 8 39
7 6 7
9 2 9
89 7 89
86 2 86
76 1 76
4 15 4
19 2 19
10 3 10
76 5 76
51 9 51
4 3 4
1 24 1
4 2 4
31 1 31
74 7 74
40 8 40
8 10 8
67 7 67
10 15 10
57 2 57
100 9 100
66 6 66
53 5 53
72 7 72
89 2 89
5 3 5
80 8 80
4 26 4
34 3 34
1 100 1
4 29 4
1 2 1
4 1 4
70 9 70
57 10 57
1 26 1
13 10 13
2 16 2
95 9 95
27 12 27
91 7 91
3 1 3
96 5 96
82 6 82
1 3 1
100 1 100
4 16 4
98 3 98
